1 0
1 0
-1 -1
1 0
-1 0
-1 -1
-1 0
-1 0
-1 -1
1 0
1 0
-1 -1
-1 0
-1 0
-1 -1
-1 0
1 0
-1 -1
-1 -1
-1 -0
1 -0
-1 -1
1 -0
1 -0
-1 -1
1 -0
-1 -0
-1 -1
-1 -0
1 -0
-1 -1
1 -0
-1 -0
-1 -1
-1 -0
-1 -0
1 -0
-1 -0
1 1
0.999999 -0
1 -0
1 1
-1 -0
-1 -0
1 1
0.999999 -1e-06
1 0
1 1
-1 -1e-06
1 0
1 1
-1 -1e-06
-1 0
1 1
1 1
-1 -0
-1 0
1 1
1 -0
-1 0
1 1
-1 -0
1 0
1 1
1 0
-1 1e-06
0.999999 1
1 0
1 1e-06
1 1
-1 0
1 1e-06
1 0
1 1
-1 -0
-1 0
1 1
-1 -0
0.999999 0
1 1
1 -0
-1 0
1 1
-1 -0
-1 0
1 1
1 -0
0.999999 0
1 1
1 -0
1 -0
-1 -1
-1 0
1 -0
-1 -1
1 0
-1 -0
-1 -1
1 0
1 -0
-1 -1
-1 0
-1 -0
-1 -1
1 0
-1 -0
-1 -1
-1 0
10.0213 0
-1.49982 1
9.99654 0
10.0213 0
-1.49982 1
-10.0162 0
-9.99139 0
-1.49982 1
-10.0162 0
-9.99139 0
-1.49982 1
9.99654 0
10.0213 0
-1.49982 1
9.99654 0
-9.99139 0
-1.49982 1
-10.0162 0
